0.000000000000000000e+00
0.000000000000000000e+00
0.000000000000000000e+00
0.000000000000000000e+00
0.000000000000000000e+00
0.000000000000000000e+00
0.000000000000000000e+00
0.000000000000000000e+00
0.000000000000000000e+00
0.000000000000000000e+00
0.000000000000000000e+00
0.000000000000000000e+00
0.000000000000000000e+00
0.000000000000000000e+00
0.000000000000000000e+00
0.000000000000000000e+00
0.000000000000000000e+00
0.000000000000000000e+00
0.000000000000000000e+00
0.000000000000000000e+00
0.000000000000000000e+00
0.000000000000000000e+00
0.000000000000000000e+00
0.000000000000000000e+00
0.000000000000000000e+00
0.000000000000000000e+00
0.000000000000000000e+00
9.380255319148935247e-03
2.671614893617021286e-02
9.312253191489361370e-02
1.128087234042553094e-01
1.919658723404255030e-01
3.589562765957447499e-01
3.498220212765957293e-01
3.076910851063828778e-01
2.432485106382979434e-01
1.532945744680850875e-01
1.469738085106382375e-01
1.071874893617021235e-01
4.334434042553191035e-02
6.769955319148936168e-02
4.508348936170213095e-02
2.893225531914894039e-02
1.858042553191489171e-02
1.791089361702127500e-02
2.591540425531914729e-02
8.337999999999999926e-03
2.415893617021276640e-02
7.782297872340425242e-03
1.881265957446808315e-02
7.280340425531914121e-03
1.057110638297872364e-02
2.388906382978723403e-02
1.322765957446808520e-02
1.602968085106383153e-02
1.865719148936170052e-02
2.413923404255319261e-02
2.343440425531915020e-02
2.276017021276595387e-02
1.105719148936170314e-02
2.149582978723403939e-02
3.919304255319149694e-02
3.558474468085106451e-02
3.710302127659573235e-02
3.130427659574468169e-02
3.283089361702128117e-02
3.883740425531916063e-02
6.011134042553192142e-02
3.472544680851064741e-02
5.079421276595744855e-02
4.541876595744680917e-02
5.237551063829787995e-02
4.915478723404254069e-02
7.486672340425534755e-02
5.999191489361698632e-02
5.127934042553192184e-02
5.547614893617022064e-02
5.772051063829790329e-02
8.037102127659573325e-02
6.521712765957445035e-02
7.851268085106385963e-02
8.321659574468087683e-02
7.360606382978721052e-02
7.818006382978724689e-02
7.804399999999994675e-02
5.144093617021276016e-02
4.606695744680851246e-02
6.205591489361701740e-02
5.528061702127660959e-02
6.095297872340423723e-02
5.709646808510637772e-02
5.337851063829786996e-02
6.000772340425530871e-02
5.009276595744681371e-02
4.422885106382980214e-02
4.339838297872340711e-02
5.323878723404252417e-02
5.574127659574469595e-02
4.560255319148936309e-02
4.253823404255319823e-02
3.407972340425531599e-02
4.643176595744680918e-02
4.243123404255318837e-02
4.585921276595743973e-02
4.813770212765956791e-02
6.945678723404258292e-02
4.947446808510637395e-02
5.544887234042550350e-02
4.112993617021276638e-02
