0.000000000000000000e+00
0.000000000000000000e+00
0.000000000000000000e+00
0.000000000000000000e+00
0.000000000000000000e+00
0.000000000000000000e+00
0.000000000000000000e+00
0.000000000000000000e+00
0.000000000000000000e+00
0.000000000000000000e+00
0.000000000000000000e+00
0.000000000000000000e+00
0.000000000000000000e+00
0.000000000000000000e+00
0.000000000000000000e+00
0.000000000000000000e+00
0.000000000000000000e+00
0.000000000000000000e+00
0.000000000000000000e+00
0.000000000000000000e+00
0.000000000000000000e+00
0.000000000000000000e+00
0.000000000000000000e+00
0.000000000000000000e+00
0.000000000000000000e+00
6.549586666666666406e-05
8.990483333333341900e-04
6.554297100000058308e-03
3.019162439999874964e-02
8.073128483334153505e-02
1.536068039999793911e-01
2.345582113666956625e-01
2.893768756666229014e-01
3.045210369999173383e-01
2.843671965665817702e-01
2.408785446666762142e-01
1.906017675333341321e-01
1.432487420333374839e-01
1.072788749999863261e-01
7.834670133334285802e-02
5.778781520000506045e-02
4.328884640000048301e-02
3.346657449999858314e-02
2.563803969999857782e-02
2.218174613333297532e-02
1.837186193333387868e-02
1.613264326666664222e-02
1.481157533333420616e-02
1.413693320000010065e-02
1.339850149999933376e-02
1.327072859999982660e-02
1.371835966666700227e-02
1.355363099999925929e-02
1.436644676666614176e-02
1.569572920000091021e-02
1.617371186666609340e-02
1.678179053333342038e-02
1.910957480000028547e-02
2.149260776666746947e-02
2.398361489999953008e-02
2.700039370000155425e-02
3.137665226666494500e-02
3.716099499999916261e-02
4.350692170000413500e-02
4.949607403332310918e-02
5.561967683334018836e-02
6.068420556666487969e-02
6.448154926666994913e-02
6.953409000000645990e-02
7.421605340001492801e-02
7.855306319999665055e-02
8.393902423333320095e-02
9.030402920002172928e-02
9.577577990002225650e-02
9.955040586663964353e-02
1.036471012000306779e-01
1.052006984999681177e-01
1.027929181666607239e-01
9.989047210001233967e-02
9.552698283330340878e-02
9.272650583331325247e-02
8.891666583332559493e-02
8.375637096665272674e-02
8.062684680000369031e-02
7.725508226666465139e-02
7.511051013334316129e-02
7.245787376667739421e-02
6.894952783334873381e-02
6.720431190001706356e-02
6.519201006668144671e-02
6.317949056665861374e-02
6.158365553331961867e-02
5.947565103331828307e-02
5.847641653332276424e-02
5.679049930001172503e-02
5.636248456667485723e-02
5.545670290001037533e-02
5.517855773332303732e-02
5.485648929998458018e-02
5.462465516666586279e-02
5.536020063331905522e-02
5.621857439999181083e-02
5.704106996666410967e-02
5.869980486667420588e-02
5.986081746669029424e-02
6.232134916668077840e-02
6.339852933332569551e-02
6.525453523331917194e-02
6.731555463331942435e-02
