0.000000000000000000e+00
0.000000000000000000e+00
0.000000000000000000e+00
0.000000000000000000e+00
0.000000000000000000e+00
0.000000000000000000e+00
0.000000000000000000e+00
0.000000000000000000e+00
0.000000000000000000e+00
0.000000000000000000e+00
0.000000000000000000e+00
0.000000000000000000e+00
0.000000000000000000e+00
0.000000000000000000e+00
0.000000000000000000e+00
0.000000000000000000e+00
0.000000000000000000e+00
0.000000000000000000e+00
0.000000000000000000e+00
0.000000000000000000e+00
0.000000000000000000e+00
0.000000000000000000e+00
0.000000000000000000e+00
0.000000000000000000e+00
0.000000000000000000e+00
0.000000000000000000e+00
0.000000000000000000e+00
0.000000000000000000e+00
0.000000000000000000e+00
0.000000000000000000e+00
0.000000000000000000e+00
0.000000000000000000e+00
0.000000000000000000e+00
0.000000000000000000e+00
0.000000000000000000e+00
0.000000000000000000e+00
0.000000000000000000e+00
0.000000000000000000e+00
0.000000000000000000e+00
0.000000000000000000e+00
0.000000000000000000e+00
0.000000000000000000e+00
0.000000000000000000e+00
0.000000000000000000e+00
0.000000000000000000e+00
0.000000000000000000e+00
0.000000000000000000e+00
0.000000000000000000e+00
0.000000000000000000e+00
0.000000000000000000e+00
0.000000000000000000e+00
0.000000000000000000e+00
0.000000000000000000e+00
0.000000000000000000e+00
0.000000000000000000e+00
0.000000000000000000e+00
0.000000000000000000e+00
0.000000000000000000e+00
0.000000000000000000e+00
5.528595744680851569e-03
0.000000000000000000e+00
7.838617021276595917e-03
1.779236170212766116e-02
7.420595744680850286e-03
2.408021276595744692e-02
2.110557446808510734e-02
2.284553191489361451e-02
1.558440425531914912e-02
2.821442553191489885e-02
1.269855319148936214e-02
2.477387234042553732e-02
2.417331914893616762e-02
3.735763829787234341e-02
3.263421276595745296e-02
5.061819148936168300e-02
4.395370212765958851e-02
1.610597872340425660e-02
2.273838297872340236e-02
3.762046808510637053e-02
1.337787234042552877e-02
1.308544680851063575e-02
1.760351063829787913e-02
1.566085106382979208e-02
6.131744680851063632e-03
6.003404255319149015e-03
1.616717021276595570e-02
8.637574468085105692e-03
1.410361702127659565e-02
5.528085106382978238e-03
6.772553191489361427e-03
9.294808510638298896e-03
6.509574468085106008e-03
1.276765957446808313e-02
1.001855319148936205e-02
1.474295744680850957e-02
1.084959574468085178e-02
1.301393617021276775e-02
1.858042553191489171e-02
6.840382978723404291e-03
1.231368085106383271e-02
1.649012765957446475e-02
6.478851063829786823e-03
9.547085106382977374e-03
1.354931914893616786e-02
1.024210638297872421e-02
1.308602127659574434e-02
8.905404255319148213e-03
1.167344680851063916e-02
9.565106382978723690e-03
