0.000000000000000000e+00
0.000000000000000000e+00
0.000000000000000000e+00
0.000000000000000000e+00
0.000000000000000000e+00
0.000000000000000000e+00
0.000000000000000000e+00
0.000000000000000000e+00
0.000000000000000000e+00
0.000000000000000000e+00
0.000000000000000000e+00
0.000000000000000000e+00
0.000000000000000000e+00
0.000000000000000000e+00
0.000000000000000000e+00
0.000000000000000000e+00
0.000000000000000000e+00
0.000000000000000000e+00
0.000000000000000000e+00
0.000000000000000000e+00
0.000000000000000000e+00
0.000000000000000000e+00
0.000000000000000000e+00
0.000000000000000000e+00
0.000000000000000000e+00
0.000000000000000000e+00
0.000000000000000000e+00
9.380255319148935247e-03
2.671614893617021286e-02
9.312253191489361370e-02
1.128087234042553094e-01
1.919658723404255030e-01
3.589562765957447499e-01
3.498220212765957293e-01
3.076910851063828778e-01
2.432485106382979434e-01
1.532945744680850875e-01
1.469738085106382375e-01
1.071874893617021235e-01
4.334434042553191035e-02
6.769955319148936168e-02
4.508348936170213095e-02
2.893225531914894039e-02
1.858042553191489171e-02
1.791089361702127500e-02
2.591540425531914729e-02
8.337999999999999926e-03
2.415893617021276640e-02
7.782297872340425242e-03
1.881265957446808315e-02
7.280340425531914121e-03
1.057110638297872364e-02
2.388906382978723403e-02
1.322765957446808520e-02
1.602968085106383153e-02
1.865719148936170052e-02
2.413923404255319261e-02
2.343440425531915020e-02
2.276017021276595387e-02
1.658578723404255384e-02
2.149582978723403939e-02
4.703163829787234546e-02
5.337712765957448868e-02
4.452361702127658610e-02
5.538446808510640029e-02
5.393646808510638158e-02
6.168293617021279596e-02
7.569576595744681446e-02
6.293987234042552892e-02
6.349276595744680896e-02
7.019263829787235343e-02
7.654878723404259788e-02
8.651242553191486329e-02
1.075009361702128213e-01
1.106103404255318473e-01
9.523308510638298086e-02
7.158210638297873851e-02
8.045889361702131259e-02
1.179915531914893928e-01
7.859499999999998432e-02
9.159817021276596416e-02
1.008201063829787525e-01
8.926693617021273786e-02
8.431187234042553102e-02
8.404738297872335617e-02
6.760797872340425230e-02
5.470446808510641412e-02
7.615953191489360785e-02
6.080868085106383436e-02
6.772553191489361080e-02
6.639121276595744137e-02
5.988808510638297250e-02
7.277531914893614617e-02
6.011131914893617229e-02
5.897182978723403135e-02
5.424797872340423460e-02
6.625272340425528150e-02
7.432168085106385935e-02
5.244293617021276305e-02
5.485200000000001186e-02
5.056991489361701425e-02
5.291061702127659860e-02
5.197825531914891661e-02
5.940846808510639315e-02
5.837976595744678865e-02
8.254285106382983073e-02
5.837987234042550655e-02
6.712231914893614093e-02
5.069504255319148833e-02
