 # UF4                                                              FEFF 10.0.0
 # POT  Non-SCF, core-hole, AFOLP (folp(0)= 1.150)
 # Abs   Z=92 Rmt= 1.584 Rnm= 1.704 L3 shell
 # Pot 1 Z=92 Rmt= 1.587 Rnm= 1.712
 # Pot 2 Z= 9 Rmt= 1.025 Rnm= 1.111
 # Gam_ch=8.104E+00 H-L exch Vi= 0.000E+00 Vr= 0.000E+00
 # Mu= 2.153E+00eV kf=2.081E+00 Vint=-1.434E+01eV Rs_int= 1.743
 # PATH  Rmax= 5.000,  Keep_limit= 0.00, Heap_limit 0.00  Pwcrit= 2.50%
 Path   89      icalc       2
 -----------------------------------------------------------------------
   3   2.000   4.7830    2.3924    2.15291 nleg, deg, reff, rnrmav(bohr), edge
        x         y         z   pot at#
    -0.0000   -0.0000   -0.0000  0  92 U        absorbing atom
     0.8345    0.5853   -4.5214  2   9 F     
    -0.0475   -0.4214   -2.2919  2   9 F     
    k   real[2*phc]   mag[feff]  phase[feff] red factor   lambda     real[p]@#
 -0.000  1.5788E+01  0.0000E+00 -1.4687E+01  9.470E-01  3.9416E+00  2.0960E+00
  0.100  1.5787E+01  3.3527E-02 -1.5623E+01  9.488E-01  3.9458E+00  2.0982E+00
  0.200  1.5786E+01  6.6535E-02 -1.6520E+01  9.540E-01  3.9584E+00  2.1050E+00
  0.300  1.5784E+01  9.8534E-02 -1.7377E+01  9.625E-01  3.9791E+00  2.1162E+00
  0.400  1.5781E+01  1.2909E-01 -1.8194E+01  9.738E-01  4.0075E+00  2.1318E+00
  0.500  1.5777E+01  1.5782E-01 -1.8974E+01  9.875E-01  4.0429E+00  2.1516E+00
  0.600  1.5770E+01  1.8446E-01 -1.9716E+01  1.003E+00  4.0847E+00  2.1758E+00
  0.700  1.5762E+01  2.0880E-01 -2.0422E+01  1.020E+00  4.1318E+00  2.2040E+00
  0.800  1.5752E+01  2.3074E-01 -2.1093E+01  1.037E+00  4.1835E+00  2.2362E+00
  0.900  1.5738E+01  2.5023E-01 -2.1730E+01  1.054E+00  4.2385E+00  2.2722E+00
  1.000  1.5722E+01  2.6732E-01 -2.2334E+01  1.071E+00  4.2958E+00  2.3120E+00
  1.100  1.5702E+01  2.8207E-01 -2.2906E+01  1.087E+00  4.3542E+00  2.3554E+00
  1.200  1.5678E+01  2.9459E-01 -2.3448E+01  1.103E+00  4.4126E+00  2.4023E+00
  1.300  1.5650E+01  3.0504E-01 -2.3960E+01  1.117E+00  4.4700E+00  2.4527E+00
  1.400  1.5618E+01  3.1355E-01 -2.4442E+01  1.129E+00  4.5254E+00  2.5064E+00
  1.500  1.5582E+01  3.2027E-01 -2.4896E+01  1.141E+00  4.5782E+00  2.5633E+00
  1.600  1.5541E+01  3.2534E-01 -2.5321E+01  1.150E+00  4.6279E+00  2.6235E+00
  1.700  1.5496E+01  3.2890E-01 -2.5718E+01  1.159E+00  4.6743E+00  2.6868E+00
  1.800  1.5446E+01  3.3104E-01 -2.6087E+01  1.166E+00  4.7178E+00  2.7534E+00
  1.900  1.5391E+01  3.3186E-01 -2.6428E+01  1.171E+00  4.7589E+00  2.8232E+00
  2.000  1.5332E+01  3.3140E-01 -2.6740E+01  1.175E+00  4.7991E+00  2.8962E+00
  2.200  1.5201E+01  3.2673E-01 -2.7275E+01  1.178E+00  4.8846E+00  3.0524E+00
  2.400  1.5034E+01  3.1336E-01 -2.7623E+01  1.169E+00  5.0043E+00  3.2301E+00
  2.600  1.4853E+01  3.2394E-01 -2.7917E+01  1.286E+00  4.1518E+00  3.4173E+00
  2.800  1.4799E+01  3.3477E-01 -2.8575E+01  1.365E+00  3.7636E+00  3.5553E+00
  3.000  1.4766E+01  3.3951E-01 -2.9252E+01  1.397E+00  3.5986E+00  3.6893E+00
  3.200  1.4718E+01  3.3659E-01 -2.9843E+01  1.410E+00  3.5351E+00  3.8334E+00
  3.400  1.4665E+01  3.2866E-01 -3.0377E+01  1.408E+00  3.5317E+00  3.9831E+00
  3.600  1.4606E+01  3.1558E-01 -3.0858E+01  1.399E+00  3.5671E+00  4.1380E+00
  3.800  1.4539E+01  2.9924E-01 -3.1292E+01  1.384E+00  3.6301E+00  4.2975E+00
  4.000  1.4464E+01  2.7965E-01 -3.1683E+01  1.367E+00  3.7137E+00  4.4612E+00
  4.200  1.4381E+01  2.5866E-01 -3.2038E+01  1.349E+00  3.8136E+00  4.6285E+00
  4.400  1.4289E+01  2.3684E-01 -3.2361E+01  1.326E+00  3.9267E+00  4.7992E+00
  4.600  1.4188E+01  2.1517E-01 -3.2656E+01  1.304E+00  4.0509E+00  4.9728E+00
  4.800  1.4080E+01  1.9457E-01 -3.2928E+01  1.277E+00  4.1845E+00  5.1490E+00
  5.000  1.3966E+01  1.7498E-01 -3.3177E+01  1.252E+00  4.3263E+00  5.3274E+00
  5.200  1.3848E+01  1.5706E-01 -3.3409E+01  1.223E+00  4.4754E+00  5.5079E+00
  5.400  1.3728E+01  1.4057E-01 -3.3623E+01  1.197E+00  4.6308E+00  5.6902E+00
  5.600  1.3609E+01  1.2560E-01 -3.3823E+01  1.172E+00  4.7921E+00  5.8741E+00
  5.800  1.3492E+01  1.1198E-01 -3.4011E+01  1.149E+00  4.9586E+00  6.0595E+00
  6.000  1.3376E+01  9.9573E-02 -3.4184E+01  1.128E+00  5.1300E+00  6.2460E+00
  6.500  1.3098E+01  7.3304E-02 -3.4582E+01  1.089E+00  5.5770E+00  6.7171E+00
  7.000  1.2828E+01  5.3118E-02 -3.4932E+01  1.064E+00  6.0472E+00  7.1936E+00
  7.500  1.2544E+01  3.8258E-02 -3.5251E+01  1.045E+00  6.5373E+00  7.6741E+00
  8.000  1.2269E+01  2.7569E-02 -3.5547E+01  1.027E+00  7.0448E+00  8.1578E+00
  8.500  1.2006E+01  1.9940E-02 -3.5816E+01  1.010E+00  7.5677E+00  8.6441E+00
  9.000  1.1760E+01  1.4353E-02 -3.6050E+01  9.964E-01  8.1047E+00  9.1323E+00
  9.500  1.1525E+01  1.0147E-02 -3.6239E+01  9.867E-01  8.6543E+00  9.6222E+00
 10.000  1.1292E+01  6.9602E-03 -3.6372E+01  9.784E-01  9.2157E+00  1.0113E+01
 11.000  1.0839E+01  3.1308E-03 -3.6384E+01  9.603E-01  1.0370E+01  1.1099E+01
 12.000  1.0422E+01  2.0878E-03 -3.5922E+01  9.481E-01  1.1562E+01  1.2088E+01
 13.000  1.0024E+01  2.4810E-03 -3.5718E+01  9.404E-01  1.2788E+01  1.3078E+01
 14.000  9.6514E+00  2.9151E-03 -3.5854E+01  9.346E-01  1.4043E+01  1.4071E+01
 15.000  9.3017E+00  3.0278E-03 -3.6121E+01  9.319E-01  1.5326E+01  1.5065E+01
 16.000  8.9713E+00  2.8976E-03 -3.6408E+01  9.297E-01  1.6633E+01  1.6059E+01
 17.000  8.6609E+00  2.6913E-03 -3.6677E+01  9.290E-01  1.7963E+01  1.7055E+01
 18.000  8.3653E+00  2.4051E-03 -3.6927E+01  9.288E-01  1.9314E+01  1.8051E+01
 19.000  8.0874E+00  2.0586E-03 -3.7160E+01  9.292E-01  2.0684E+01  1.9047E+01
 20.000  7.8234E+00  1.7510E-03 -3.7361E+01  9.295E-01  2.2072E+01  2.0045E+01
