 # UF4                                                              FEFF 10.0.0
 # POT  Non-SCF, core-hole, AFOLP (folp(0)= 1.150)
 # Abs   Z=92 Rmt= 1.584 Rnm= 1.704 L3 shell
 # Pot 1 Z=92 Rmt= 1.587 Rnm= 1.712
 # Pot 2 Z= 9 Rmt= 1.025 Rnm= 1.111
 # Gam_ch=8.104E+00 H-L exch Vi= 0.000E+00 Vr= 0.000E+00
 # Mu= 2.153E+00eV kf=2.081E+00 Vint=-1.434E+01eV Rs_int= 1.743
 # PATH  Rmax= 5.000,  Keep_limit= 0.00, Heap_limit 0.00  Pwcrit= 2.50%
 Path   42      icalc       2
 -----------------------------------------------------------------------
   2   1.000   4.4948    2.3924    2.15291 nleg, deg, reff, rnrmav(bohr), edge
        x         y         z   pot at#
    -0.0000   -0.0000   -0.0000  0  92 U        absorbing atom
     3.1970   -2.9847    1.0364  2   9 F     
    k   real[2*phc]   mag[feff]  phase[feff] red factor   lambda     real[p]@#
 -0.000  1.5788E+01  0.0000E+00 -1.8351E+01  9.470E-01  3.9416E+00  2.0960E+00
  0.100  1.5787E+01  4.2995E-02 -1.9230E+01  9.488E-01  3.9458E+00  2.0982E+00
  0.200  1.5786E+01  8.5614E-02 -2.0070E+01  9.540E-01  3.9584E+00  2.1050E+00
  0.300  1.5784E+01  1.2750E-01 -2.0871E+01  9.625E-01  3.9791E+00  2.1162E+00
  0.400  1.5781E+01  1.6833E-01 -2.1633E+01  9.738E-01  4.0075E+00  2.1318E+00
  0.500  1.5777E+01  2.0784E-01 -2.2357E+01  9.875E-01  4.0429E+00  2.1516E+00
  0.600  1.5770E+01  2.4581E-01 -2.3045E+01  1.003E+00  4.0847E+00  2.1758E+00
  0.700  1.5762E+01  2.8210E-01 -2.3697E+01  1.020E+00  4.1318E+00  2.2040E+00
  0.800  1.5752E+01  3.1662E-01 -2.4314E+01  1.037E+00  4.1835E+00  2.2362E+00
  0.900  1.5738E+01  3.4932E-01 -2.4898E+01  1.054E+00  4.2385E+00  2.2722E+00
  1.000  1.5722E+01  3.8021E-01 -2.5449E+01  1.071E+00  4.2958E+00  2.3120E+00
  1.100  1.5702E+01  4.0934E-01 -2.5969E+01  1.087E+00  4.3542E+00  2.3554E+00
  1.200  1.5678E+01  4.3677E-01 -2.6459E+01  1.103E+00  4.4126E+00  2.4023E+00
  1.300  1.5650E+01  4.6257E-01 -2.6918E+01  1.117E+00  4.4700E+00  2.4527E+00
  1.400  1.5618E+01  4.8681E-01 -2.7349E+01  1.129E+00  4.5254E+00  2.5064E+00
  1.500  1.5582E+01  5.0955E-01 -2.7751E+01  1.141E+00  4.5782E+00  2.5633E+00
  1.600  1.5541E+01  5.3085E-01 -2.8125E+01  1.150E+00  4.6279E+00  2.6235E+00
  1.700  1.5496E+01  5.5072E-01 -2.8471E+01  1.159E+00  4.6743E+00  2.6868E+00
  1.800  1.5446E+01  5.6914E-01 -2.8789E+01  1.166E+00  4.7178E+00  2.7534E+00
  1.900  1.5391E+01  5.8604E-01 -2.9079E+01  1.171E+00  4.7589E+00  2.8232E+00
  2.000  1.5332E+01  6.0131E-01 -2.9341E+01  1.175E+00  4.7991E+00  2.8962E+00
  2.200  1.5201E+01  6.2620E-01 -2.9776E+01  1.178E+00  4.8846E+00  3.0524E+00
  2.400  1.5034E+01  6.3283E-01 -3.0028E+01  1.169E+00  5.0043E+00  3.2301E+00
  2.600  1.4853E+01  6.8590E-01 -3.0232E+01  1.286E+00  4.1518E+00  3.4173E+00
  2.800  1.4799E+01  7.3480E-01 -3.0776E+01  1.365E+00  3.7636E+00  3.5553E+00
  3.000  1.4766E+01  7.6673E-01 -3.1338E+01  1.397E+00  3.5986E+00  3.6893E+00
  3.200  1.4718E+01  7.7972E-01 -3.1825E+01  1.410E+00  3.5351E+00  3.8334E+00
  3.400  1.4665E+01  7.7606E-01 -3.2265E+01  1.408E+00  3.5317E+00  3.9831E+00
  3.600  1.4606E+01  7.5915E-01 -3.2664E+01  1.399E+00  3.5671E+00  4.1380E+00
  3.800  1.4539E+01  7.3233E-01 -3.3026E+01  1.384E+00  3.6301E+00  4.2975E+00
  4.000  1.4464E+01  6.9798E-01 -3.3353E+01  1.367E+00  3.7137E+00  4.4612E+00
  4.200  1.4381E+01  6.5952E-01 -3.3653E+01  1.349E+00  3.8136E+00  4.6285E+00
  4.400  1.4289E+01  6.1872E-01 -3.3926E+01  1.326E+00  3.9267E+00  4.7992E+00
  4.600  1.4188E+01  5.7758E-01 -3.4177E+01  1.304E+00  4.0509E+00  4.9728E+00
  4.800  1.4080E+01  5.3814E-01 -3.4408E+01  1.277E+00  4.1845E+00  5.1490E+00
  5.000  1.3966E+01  5.0021E-01 -3.4620E+01  1.252E+00  4.3263E+00  5.3274E+00
  5.200  1.3848E+01  4.6521E-01 -3.4818E+01  1.223E+00  4.4754E+00  5.5079E+00
  5.400  1.3728E+01  4.3260E-01 -3.5000E+01  1.197E+00  4.6308E+00  5.6902E+00
  5.600  1.3609E+01  4.0264E-01 -3.5170E+01  1.172E+00  4.7921E+00  5.8741E+00
  5.800  1.3492E+01  3.7482E-01 -3.5330E+01  1.149E+00  4.9586E+00  6.0595E+00
  6.000  1.3376E+01  3.4890E-01 -3.5477E+01  1.128E+00  5.1300E+00  6.2460E+00
  6.500  1.3098E+01  2.9106E-01 -3.5814E+01  1.089E+00  5.5770E+00  6.7171E+00
  7.000  1.2828E+01  2.4259E-01 -3.6114E+01  1.064E+00  6.0472E+00  7.1936E+00
  7.500  1.2544E+01  2.0398E-01 -3.6392E+01  1.045E+00  6.5373E+00  7.6741E+00
  8.000  1.2269E+01  1.7424E-01 -3.6651E+01  1.027E+00  7.0448E+00  8.1578E+00
  8.500  1.2006E+01  1.5122E-01 -3.6886E+01  1.010E+00  7.5677E+00  8.6441E+00
  9.000  1.1760E+01  1.3225E-01 -3.7097E+01  9.964E-01  8.1047E+00  9.1323E+00
  9.500  1.1525E+01  1.1599E-01 -3.7289E+01  9.867E-01  8.6543E+00  9.6222E+00
 10.000  1.1292E+01  1.0224E-01 -3.7472E+01  9.784E-01  9.2157E+00  1.0113E+01
 11.000  1.0839E+01  8.2254E-02 -3.7819E+01  9.603E-01  1.0370E+01  1.1099E+01
 12.000  1.0422E+01  6.7645E-02 -3.8108E+01  9.481E-01  1.1562E+01  1.2088E+01
 13.000  1.0024E+01  5.5686E-02 -3.8361E+01  9.404E-01  1.2788E+01  1.3078E+01
 14.000  9.6514E+00  4.8048E-02 -3.8619E+01  9.346E-01  1.4043E+01  1.4071E+01
 15.000  9.3017E+00  4.1983E-02 -3.8864E+01  9.319E-01  1.5326E+01  1.5065E+01
 16.000  8.9713E+00  3.7171E-02 -3.9128E+01  9.297E-01  1.6633E+01  1.6059E+01
 17.000  8.6609E+00  3.4870E-02 -3.9411E+01  9.290E-01  1.7963E+01  1.7055E+01
 18.000  8.3653E+00  3.3074E-02 -3.9669E+01  9.288E-01  1.9314E+01  1.8051E+01
 19.000  8.0874E+00  3.1346E-02 -3.9904E+01  9.292E-01  2.0684E+01  1.9047E+01
 20.000  7.8234E+00  3.0673E-02 -4.0114E+01  9.295E-01  2.2072E+01  2.0045E+01
