 # UF4                                                              FEFF 10.0.0
 # POT  Non-SCF, core-hole, AFOLP (folp(0)= 1.150)
 # Abs   Z=92 Rmt= 1.584 Rnm= 1.704 L3 shell
 # Pot 1 Z=92 Rmt= 1.587 Rnm= 1.712
 # Pot 2 Z= 9 Rmt= 1.025 Rnm= 1.111
 # Gam_ch=8.104E+00 H-L exch Vi= 0.000E+00 Vr= 0.000E+00
 # Mu= 2.153E+00eV kf=2.081E+00 Vint=-1.434E+01eV Rs_int= 1.743
 # PATH  Rmax= 5.000,  Keep_limit= 0.00, Heap_limit 0.00  Pwcrit= 2.50%
 -----------------------------------------------------------------------
    file        sig2   amp ratio    deg    nlegs  r effective
 feff0001.dat 0.00000   100.000     1.000     2   2.2120
 feff0002.dat 0.00000    97.040     1.000     2   2.2365
 feff0003.dat 0.00000    94.880     1.000     2   2.2550
 feff0004.dat 0.00000    90.870     1.000     2   2.2906
 feff0005.dat 0.00000    90.290     1.000     2   2.2959
 feff0006.dat 0.00000    89.190     1.000     2   2.3061
 feff0007.dat 0.00000    88.280     1.000     2   2.3147
 feff0008.dat 0.00000    86.590     1.000     2   2.3309
 feff0009.dat 0.00000     4.928     2.000     3   3.5635
 feff0010.dat 0.00000     6.012     2.000     3   3.6369
 feff0011.dat 0.00000     5.990     2.000     3   3.7085
 feff0012.dat 0.00000     6.010     2.000     3   3.7408
 feff0013.dat 0.00000    15.550     1.000     2   3.9996
 feff0014.dat 0.00000     6.138     2.000     3   4.0629
 feff0015.dat 0.00000    14.250     1.000     2   4.0972
 feff0016.dat 0.00000     4.921     2.000     3   4.1595
 feff0017.dat 0.00000    12.700     1.000     2   4.2277
 feff0018.dat 0.00000    12.430     1.000     2   4.2520
 feff0019.dat 0.00000    12.410     1.000     2   4.2542
 feff0020.dat 0.00000     3.635     2.000     3   4.2561
 feff0021.dat 0.00000    11.770     1.000     2   4.3150
 feff0022.dat 0.00000    11.620     1.000     2   4.3292
 feff0023.dat 0.00000     3.037     2.000     3   4.3419
 feff0024.dat 0.00000    11.380     1.000     2   4.3542
 feff0025.dat 0.00000     7.127     2.000     3   4.3774
 feff0026.dat 0.00000    11.000     1.000     2   4.3929
 feff0027.dat 0.00000    10.990     1.000     2   4.3942
 feff0028.dat 0.00000     4.333     2.000     3   4.3982
 feff0029.dat 0.00000     3.820     2.000     3   4.4087
 feff0030.dat 0.00000     3.044     2.000     3   4.4161
 feff0031.dat 0.00000     3.172     2.000     3   4.4200
 feff0032.dat 0.00000     6.991     1.000     4   4.4240
 feff0033.dat 0.00000     2.752     2.000     3   4.4363
 feff0034.dat 0.00000     5.069     2.000     3   4.4481
 feff0035.dat 0.00000     7.447     2.000     3   4.4576
 feff0036.dat 0.00000    10.360     1.000     2   4.4634
 feff0037.dat 0.00000    11.930     2.000     4   4.4670
 feff0038.dat 0.00000    46.710     2.000     2   4.4713
 feff0039.dat 0.00000     6.552     1.000     4   4.4730
 feff0041.dat 0.00000     3.024     2.000     3   4.4835
 feff0042.dat 0.00000    23.010     1.000     2   4.4949
 feff0043.dat 0.00000    10.090     1.000     2   4.4948
 feff0044.dat 0.00000    22.970     1.000     2   4.4973
 feff0045.dat 0.00000    34.630     2.000     3   4.5071
 feff0046.dat 0.00000    34.010     2.000     3   4.5071
 feff0047.dat 0.00000    22.790     1.000     2   4.5100
 feff0048.dat 0.00000    54.580     2.000     3   4.5100
 feff0049.dat 0.00000     6.242     1.000     4   4.5100
 feff0050.dat 0.00000    28.270     1.000     4   4.5100
 feff0051.dat 0.00000     6.871     2.000     3   4.5194
 feff0052.dat 0.00000    40.050     2.000     3   4.5193
 feff0053.dat 0.00000    22.630     1.000     2   4.5212
 feff0054.dat 0.00000    33.490     2.000     3   4.5309
 feff0055.dat 0.00000    13.230     2.000     4   4.5325
 feff0056.dat 0.00000    19.120     1.000     4   4.5413
 feff0057.dat 0.00000     4.396     2.000     4   4.5428
 feff0058.dat 0.00000    15.240     1.000     4   4.5428
 feff0059.dat 0.00000    15.490     1.000     4   4.5428
 feff0060.dat 0.00000    39.210     2.000     3   4.5436
 feff0062.dat 0.00000    22.120     1.000     2   4.5566
 feff0063.dat 0.00000     9.501     1.000     2   4.5659
 feff0064.dat 0.00000    18.440     1.000     4   4.5661
 feff0065.dat 0.00000     3.121     2.000     4   4.5674
 feff0066.dat 0.00000    14.880     1.000     4   4.5669
 feff0067.dat 0.00000     6.773     2.000     4   4.5696
 feff0068.dat 0.00000    21.850     1.000     2   4.5760
 feff0069.dat 0.00000     5.688     1.000     4   4.5812
 feff0070.dat 0.00000    34.110     2.000     3   4.5884
 feff0071.dat 0.00000     2.936     2.000     3   4.5894
 feff0072.dat 0.00000     5.609     1.000     4   4.5919
 feff0073.dat 0.00000    39.880     2.000     3   4.5942
 feff0074.dat 0.00000    12.000     2.000     4   4.5968
 feff0076.dat 0.00000     3.875     2.000     3   4.6045
 feff0078.dat 0.00000     5.463     1.000     4   4.6123
 feff0079.dat 0.00000    18.950     1.000     4   4.6123
 feff0080.dat 0.00000    14.710     1.000     4   4.6202
 feff0081.dat 0.00000     3.152     2.000     4   4.6215
 feff0082.dat 0.00000     5.344     1.000     4   4.6293
 feff0083.dat 0.00000     8.968     1.000     2   4.6349
 feff0085.dat 0.00000     3.639     2.000     3   4.6379
 feff0086.dat 0.00000     3.075     2.000     3   4.6445
 feff0088.dat 0.00000     5.126     1.000     4   4.6617
 feff0091.dat 0.00000     8.633     1.000     2   4.6806
 feff0093.dat 0.00000     3.233     2.000     3   4.6949
 feff0094.dat 0.00000     8.374     1.000     2   4.7174
 feff0095.dat 0.00000     8.372     1.000     2   4.7176
 feff0096.dat 0.00000     8.351     1.000     2   4.7208
 feff0098.dat 0.00000     8.796     2.000     3   4.7796
 feff0099.dat 0.00000     6.372     2.000     3   4.7830
 feff0100.dat 0.00000     7.912     1.000     2   4.7864
 feff0102.dat 0.00000     7.724     1.000     2   4.8158
 feff0103.dat 0.00000     3.406     2.000     3   4.8213
 feff0105.dat 0.00000     7.433     1.000     2   4.8629
 feff0106.dat 0.00000     7.405     1.000     2   4.8675
 feff0107.dat 0.00000     5.747     2.000     3   4.8685
 feff0108.dat 0.00000     3.430     1.000     4   4.8787
 feff0109.dat 0.00000     4.774     2.000     3   4.8947
 feff0110.dat 0.00000     7.196     1.000     2   4.9028
 feff0111.dat 0.00000     5.448     2.000     3   4.9341
 feff0112.dat 0.00000     6.192     2.000     3   4.9429
 feff0113.dat 0.00000     3.377     2.000     3   4.9507
 feff0114.dat 0.00000     6.803     1.000     2   4.9725
