1.211294337173842051e+00
1.305894100674048763e+00
1.400493864174255254e+00
1.495093627674461967e+00
1.589693391174668680e+00
1.684293154674875392e+00
1.778892918175081883e+00
1.873492681675288596e+00
1.968092445175495087e+00
2.062692208675701799e+00
2.157291972175908512e+00
2.251891735676115225e+00
2.346491499176321938e+00
2.441091262676528650e+00
2.535691026176735363e+00
2.630290789676941632e+00
2.724890553177148345e+00
2.819490316677355057e+00
2.914090080177561326e+00
3.008689843677768039e+00
3.103289607177974752e+00
3.197889370678181464e+00
3.292489134178388177e+00
3.387088897678594890e+00
3.481688661178801603e+00
3.576288424679008315e+00
3.670888188179215028e+00
3.765487951679421741e+00
3.860087715179628454e+00
3.954687478679834278e+00
4.049287242180040991e+00
4.143887005680247704e+00
4.238486769180454417e+00
4.333086532680661129e+00
4.427686296180867842e+00
4.522286059681074555e+00
4.616885823181281268e+00
4.711485586681487980e+00
4.806085350181694693e+00
4.900685113681901406e+00
4.995284877182108119e+00
5.089884640682314831e+00
5.184484404182520656e+00
5.279084167682728257e+00
5.373683931182934970e+00
5.468283694683140794e+00
5.562883458183347507e+00
5.657483221683554220e+00
5.752082985183760933e+00
5.846682748683967645e+00
5.941282512184174358e+00
6.035882275684381071e+00
6.130482039184587784e+00
6.225081802684794496e+00
6.319681566185001209e+00
6.414281329685207922e+00
6.508881093185414635e+00
6.603480856685621347e+00
6.698080620185827172e+00
6.792680383686033885e+00
6.887280147186240598e+00
6.981879910686447310e+00
7.076479674186654023e+00
7.171079437686860736e+00
7.265679201187067449e+00
7.360278964687274161e+00
7.454878728187480874e+00
7.549478491687687587e+00
7.644078255187894300e+00
7.738678018688101012e+00
7.833277782188307725e+00
7.927877545688513550e+00
8.022477309188719374e+00
8.117077072688926975e+00
8.211676836189132800e+00
8.306276599689340401e+00
8.400876363189546225e+00
8.495476126689753826e+00
8.590075890189959651e+00
8.684675653690167252e+00
8.779275417190373076e+00
8.873875180690580677e+00
8.968474944190786502e+00
9.063074707690994103e+00
9.157674471191199927e+00
9.252274234691405752e+00
9.346873998191613353e+00
9.441473761691819178e+00
9.536073525192026779e+00
9.630673288692232603e+00
9.725273052192438428e+00
9.819872815692646029e+00
9.914472579192851853e+00
1.000907234269305945e+01
1.010367210619326528e+01
1.019827186969347288e+01
1.029287163319367870e+01
1.038747139669388631e+01
1.048207116019409213e+01
1.057667092369429973e+01
1.067127068719450556e+01
1.076587045069471316e+01
1.086047021419491898e+01
1.095506997769512481e+01
1.104966974119533241e+01
1.114426950469553823e+01
1.123886926819574583e+01
1.133346903169595166e+01
1.142806879519615926e+01
1.152266855869636508e+01
1.161726832219657268e+01
1.171186808569677851e+01
1.180646784919698611e+01
1.190106761269719193e+01
1.199566737619739953e+01
1.209026713969760536e+01
1.218486690319781118e+01
1.227946666669801878e+01
1.237406643019822461e+01
1.246866619369843221e+01
1.256326595719863803e+01
1.265786572069884564e+01
1.275246548419905146e+01
1.284706524769925906e+01
1.294166501119946489e+01
1.303626477469967249e+01
1.313086453819987831e+01
1.322546430170008591e+01
1.332006406520029174e+01
1.341466382870049756e+01
1.350926359220070516e+01
1.360386335570091099e+01
1.369846311920111859e+01
1.379306288270132441e+01
1.388766264620153201e+01
1.398226240970173784e+01
1.407686217320194544e+01
1.417146193670215126e+01
1.426606170020235886e+01
1.436066146370256469e+01
1.445526122720277229e+01
1.454986099070297811e+01
1.464446075420318394e+01
1.473906051770339154e+01
1.483366028120359736e+01
1.492826004470380497e+01
1.502285980820401079e+01
1.511745957170421839e+01
1.521205933520442422e+01
1.530665909870463182e+01
1.540125886220483764e+01
1.549585862570504524e+01
1.559045838920525107e+01
1.568505815270545867e+01
1.577965791620566449e+01
1.587425767970587032e+01
1.596885744320607792e+01
1.606345720670628552e+01
1.615805697020649134e+01
1.625265673370669717e+01
1.634725649720690654e+01
1.644185626070711237e+01
1.653645602420731819e+01
1.663105578770752402e+01
1.672565555120773340e+01
1.682025531470793922e+01
1.691485507820814504e+01
1.700945484170835087e+01
1.710405460520855669e+01
1.719865436870876607e+01
1.729325413220897190e+01
1.738785389570917772e+01
1.748245365920938710e+01
1.757705342270959292e+01
1.767165318620979875e+01
1.776625294971000457e+01
1.786085271321021395e+01
1.795545247671041977e+01
1.805005224021062560e+01
1.814465200371083142e+01
1.823925176721103725e+01
1.833385153071124662e+01
1.842845129421145245e+01
1.852305105771165827e+01
1.861765082121186410e+01
1.871225058471207348e+01
1.880685034821227930e+01
1.890145011171248512e+01
1.899604987521269095e+01
1.909064963871290033e+01
1.918524940221310615e+01
1.927984916571331198e+01
1.937444892921351780e+01
1.946904869271372363e+01
1.956364845621393300e+01
1.965824821971413883e+01
1.975284798321434465e+01
1.984744774671455048e+01
1.994204751021475985e+01
2.003664727371496568e+01
