5.250000000000000222e-01
5.749999999999999556e-01
6.250000000000000000e-01
6.750000000000000444e-01
7.249999999999999778e-01
7.750000000000000222e-01
8.249999999999999556e-01
8.750000000000000000e-01
9.250000000000000444e-01
9.749999999999999778e-01
1.024999999999999911e+00
1.074999999999999956e+00
1.125000000000000000e+00
1.175000000000000044e+00
1.225000000000000089e+00
1.274999999999999911e+00
1.324999999999999956e+00
1.375000000000000000e+00
1.425000000000000044e+00
1.475000000000000089e+00
1.524999999999999911e+00
1.574999999999999956e+00
1.625000000000000000e+00
1.675000000000000044e+00
1.725000000000000089e+00
1.774999999999999911e+00
1.824999999999999956e+00
1.875000000000000000e+00
1.925000000000000044e+00
1.975000000000000089e+00
2.024999999999999911e+00
2.075000000000000178e+00
2.125000000000000000e+00
2.174999999999999822e+00
2.225000000000000089e+00
2.274999999999999911e+00
2.325000000000000178e+00
2.375000000000000000e+00
2.424999999999999822e+00
2.475000000000000089e+00
2.524999999999999911e+00
2.575000000000000178e+00
2.625000000000000000e+00
2.674999999999999822e+00
2.725000000000000089e+00
2.774999999999999911e+00
2.825000000000000178e+00
2.875000000000000000e+00
2.924999999999999822e+00
2.975000000000000089e+00
3.024999999999999911e+00
3.075000000000000178e+00
3.125000000000000000e+00
3.174999999999999822e+00
3.225000000000000089e+00
3.274999999999999911e+00
3.325000000000000178e+00
3.375000000000000000e+00
3.424999999999999822e+00
3.475000000000000089e+00
3.524999999999999911e+00
3.575000000000000178e+00
3.625000000000000000e+00
3.674999999999999822e+00
3.725000000000000089e+00
3.774999999999999911e+00
3.825000000000000178e+00
3.875000000000000000e+00
3.924999999999999822e+00
3.975000000000000089e+00
4.025000000000000355e+00
4.075000000000000178e+00
4.125000000000000000e+00
4.174999999999999822e+00
4.224999999999999645e+00
4.275000000000000355e+00
4.325000000000000178e+00
4.375000000000000000e+00
4.424999999999999822e+00
4.474999999999999645e+00
4.525000000000000355e+00
4.575000000000000178e+00
4.625000000000000000e+00
4.674999999999999822e+00
4.724999999999999645e+00
4.775000000000000355e+00
4.825000000000000178e+00
4.875000000000000000e+00
4.924999999999999822e+00
4.974999999999999645e+00
5.025000000000000355e+00
5.075000000000000178e+00
5.125000000000000000e+00
5.174999999999999822e+00
5.224999999999999645e+00
5.275000000000000355e+00
5.325000000000000178e+00
5.375000000000000000e+00
5.424999999999999822e+00
5.474999999999999645e+00
5.525000000000000355e+00
5.575000000000000178e+00
5.625000000000000000e+00
5.674999999999999822e+00
5.724999999999999645e+00
5.775000000000000355e+00
5.825000000000000178e+00
5.875000000000000000e+00
5.924999999999999822e+00
